#CORE
SAG 2157 2154 2153 2156 2155 2151 2146 2149 2148 2150 2163 2158 2159 2173 2167 2161 2160 2168 2169 2166 127 126 128
CSA 220 219 221 222 217 218 147 148 149 146 150 
USA 212 190 213 215 211 214 216 185 184 186 187 191 188 189 2556 209 208 207 210 



#OWNER REGIONS
RUS 2205 2206 1723 2204 2208 2203 2201 2202 2217 2219 2220 2218 
SWE 2222 2226 2223 2557 368 367 2236 2227 2230 2224 2189 2188 2186 2187 2190 366 373 372 374 352 351



#CONTROLLER
SAG 1783 1426 1408
MLR 1877 3278 3279 2526 2544 2524 658 2663 1073 2616 2633 1077